9.999995509575422270e-01 -1.706874150066626811e-03 -3.014890625966170712e-04 -9.024500765590604771e-04 1.021440899338736275e+00 -6.684480163838696538e-03 2.892552040977925754e-04 6.683989443003097303e-03 1.021438900299696861e+00 -8.761074427178990043e-02 -1.457186542345720870e-01 3.115285426497884091e-01
9.999995545214230841e-01 -1.725262303466092726e-03 -7.301406674968404333e-05 -9.416117308705443910e-04 1.020971819003344550e+00 -6.239977672530894540e-03 6.575943971595083035e-05 6.239866999975526157e-03 1.020969739655047670e+00 -8.709930896596822236e-02 -1.453319857600653964e-01 3.125109354005060069e-01
9.999996098845531645e-01 -1.673713487130424823e-03 8.827310250010064622e-04 -1.712765193275665916e-04 1.020037639442014976e+00 -6.855675170155921781e-03 -8.665420332265402108e-04 6.857128188315725521e-03 1.020036954841755161e+00 -8.726513618301721953e-02 -1.457301127504007365e-01 3.140689012285717285e-01
9.999987423708662782e-01 -1.587603166232579499e-03 6.899551196664327046e-04 -1.430020467535259585e-03 1.020537738820786355e+00 -6.930399359054330820e-03 -6.857828724775106091e-04 6.931496827366374729e-03 1.020534185057772048e+00 -8.734516032736232283e-02 -1.456353281451409631e-01 3.159425611903893261e-01
9.999985213330697675e-01 -1.617734063238680797e-03 1.519126516420765509e-03 -8.495581164741038398e-04 1.019703299590183576e+00 -6.495178606542082941e-03 -1.495186503586110657e-03 6.497607028476467574e-03 1.019700417429532102e+00 -8.756247325336384557e-02 -1.451227662056462364e-01 3.175335002047164346e-01
9.999962611437339666e-01 -1.637390979265008562e-03 2.749280522546117701e-03 -4.407688780717990465e-04 1.019890209866312736e+00 -7.210817079537867186e-03 -2.698781456380299794e-03 7.215263016780893920e-03 1.019885674932425879e+00 -8.809195966376538733e-02 -1.454439195297005105e-01 3.201640343710727143e-01
9.999956224801308524e-01 -1.665483360652790772e-03 2.656487328760663569e-03 -1.391258724487720068e-03 1.021060729566692693e+00 -7.120514216593017490e-03 -2.611401871990815665e-03 7.124894652326701876e-03 1.021053942734805542e+00 -8.813636333207716667e-02 -1.453321384802842009e-01 3.230693075850172291e-01
9.999927081626396319e-01 -1.562425858555620143e-03 3.806122675056343180e-03 -8.102641081528652372e-04 1.021421087102427849e+00 -7.054619941480502754e-03 -3.731902145691163609e-03 7.060502245928588876e-03 1.021412373088389502e+00 -8.763891764954882813e-02 -1.449898714219028106e-01 3.260567039630993258e-01
9.999886258805034123e-01 -1.598426354543700401e-03 4.668916875187755118e-03 -1.336549570217306559e-03 1.021973683480004613e+00 -7.539827040720510978e-03 -4.578399815309339496e-03 7.547231118755551998e-03 1.021959923053149089e+00 -8.723213681721472823e-02 -1.448497777205303982e-01 3.295422452511648781e-01
9.999896790164753968e-01 -1.520852072613380641e-03 4.572810874447826718e-03 -7.331564980507500546e-04 1.021048268363305311e+00 -7.292565588286123793e-03 -4.483786577878891462e-03 7.299460102003697826e-03 1.021036615118370072e+00 -8.693405050679492430e-02 -1.447005731890768088e-01 3.328579924069217655e-01
9.999944966658365075e-01 -1.499282166684012298e-03 3.108314231984881867e-03 -1.294913911940871526e-03 1.021055290421378325e+00 -8.086040594371053311e-03 -3.054478024302401031e-03 8.090664644432562017e-03 1.021047729771580315e+00 -8.650710314452327021e-02 -1.444649820505612137e-01 3.364897276654601477e-01
9.999838421176212577e-01 -1.529538967622069484e-03 5.768603868926669084e-03 -5.183274825496407209e-04 1.019739195150276112e+00 -7.963868128145397754e-03 -5.660992872410577914e-03 7.972655658571558765e-03 1.019721925522221184e+00 -8.673149206238499331e-02 -1.440736140272282917e-01 3.401214552737475971e-01
9.999835098538287781e-01 -1.552277014891228135e-03 5.841904083806783755e-03 -3.755519914819617543e-04 1.019942968388620974e+00 -7.740426262790660664e-03 -5.730530614083893283e-03 7.749449423299770504e-03 1.019925566419261687e+00 -8.711447690307708158e-02 -1.439643030697733417e-01 3.442691364311717961e-01
9.999862727845874044e-01 -1.585203773693279672e-03 5.271822720685270802e-03 -8.177969068279927712e-04 1.019910555808302144e+00 -8.172088248315213105e-03 -5.175466221320997214e-03 8.180404711077504665e-03 1.019895258901658108e+00 -8.738968739440126920e-02 -1.439858895883018297e-01 3.486445040020464403e-01
9.999818606146771982e-01 -1.602306166881737118e-03 6.113103042578102442e-03 -5.088215772343296838e-04 1.019286322617219742e+00 -8.391198782950512469e-03 -6.001628296614328756e-03 8.400967617370205809e-03 1.019267018101908340e+00 -8.802454851685803661e-02 -1.438835176266241300e-01 3.530628715390368710e-01
9.999786628676626821e-01 -1.606714710566669278e-03 6.663439833969319985e-03 -8.684285287523857888e-05 1.020241488847551725e+00 -8.262994633303670858e-03 -6.531942109380522651e-03 8.273666137088664038e-03 1.020219580288198813e+00 -8.857671392969611313e-02 -1.441237318694966185e-01 3.582273290422955392e-01
9.999810311282196773e-01 -1.591757431475501229e-03 6.269932114418279301e-03 -3.467141567396954155e-04 1.020061476394017674e+00 -8.654749455881750528e-03 -6.149566898253451194e-03 8.664702434321892507e-03 1.020041575093828312e+00 -8.868208041153656518e-02 -1.443823534382041862e-01 3.632974621050427677e-01
9.999603109384308519e-01 -1.657013051982256322e-03 9.082867982126020812e-03 3.272903335550059818e-04 1.019833859842244950e+00 -8.974899839560436521e-03 -8.903338079295127980e-03 8.990009592008244704e-03 1.019793925917745980e+00 -8.891258444094950197e-02 -1.446680633744584221e-01 3.686630424678574158e-01
9.999907067274913519e-01 -1.593130899991197563e-03 4.004149358210331439e-03 -1.753114502465982294e-03 1.020188755037165329e+00 -7.995414941150290680e-03 -3.938660710647759466e-03 8.001764105807390379e-03 1.020176481204169594e+00 -8.874214001217345382e-02 -1.443626600943355431e-01 3.737101551833165169e-01
9.999748665666315928e-01 -1.544326352329345332e-03 7.231672627119115071e-03 -1.513917674661653746e-05 1.020022194691151629e+00 -8.846082978581921996e-03 -7.089852315274622167e-03 8.857254637565783323e-03 1.019996534651457454e+00 -8.873051950454217962e-02 -1.445471953036578661e-01 3.796086891491773918e-01
9.999736711865747640e-01 -1.583593235099984729e-03 7.359021300743695884e-03 -6.661088452058090952e-04 1.019265588699168168e+00 -9.088684504511883311e-03 -7.225872449066741629e-03 9.100366949103424682e-03 1.019237697800191356e+00 -8.935158877250959364e-02 -1.446654013863027666e-01 3.851657249294055951e-01
9.999725467319545702e-01 -1.677871034960612363e-03 7.539819497208362711e-03 -2.740432345053492942e-04 1.018572341401903891e+00 -9.032682589024499525e-03 -7.404774318940959832e-03 9.045355169934717054e-03 1.018543918453186148e+00 -9.043532196423813285e-02 -1.449384470912214729e-01 3.909160602270867479e-01
9.999709537661299885e-01 -1.734673743836495814e-03 7.758993728288394488e-03 -2.189263398684886694e-04 1.018682847981582373e+00 -9.055747794401431197e-03 -7.618641303675318180e-03 9.069227078325360972e-03 1.018652879315567139e+00 -9.161580899026224023e-02 -1.454402537778608229e-01 3.970589960908195160e-01
9.999739217154963722e-01 -1.696145751959081622e-03 7.359260823718421878e-03 -1.044428379729488436e-04 1.019254675193175030e+00 -8.874580656041393054e-03 -7.221148151365604229e-03 8.887060535095633179e-03 1.019227917629497604e+00 -9.257810778759135995e-02 -1.459948111217333200e-01 4.032630271880031647e-01
9.999774997821171407e-01 -1.721519809219343358e-03 6.793671453973654933e-03 -7.131006286472966939e-04 1.019488408595978557e+00 -9.115475695638908943e-03 -6.670188677935437460e-03 9.127163920756076188e-03 1.019464242267797971e+00 -9.315429793226924493e-02 -1.463686752275789038e-01 4.095592760843892455e-01
9.999810284611613254e-01 -1.686188901218622872e-03 6.215319722872901693e-03 -8.488922838247204162e-04 1.019952489794616834e+00 -8.709081590832888284e-03 -6.100991693867191187e-03 8.719534438299765544e-03 1.019931708333595921e+00 -9.369968543036684416e-02 -1.465985651520335387e-01 4.158570485614019874e-01
9.999755992321054388e-01 -1.636827151320792472e-03 6.838881663220365559e-03 -1.914618443774700456e-03 1.020463483355913636e+00 -8.799644469486399972e-03 -6.718271846719903011e-03 8.810856110909979708e-03 1.020435449363858105e+00 -9.396381883784095390e-02 -1.461886437840573538e-01 4.219707864757880067e-01
9.999801880485216232e-01 -1.659271259697789888e-03 6.254662864795650264e-03 -1.365752451166325461e-03 1.019853519656439333e+00 -8.852970004023276440e-03 -6.144772630893003372e-03 8.863341448737812808e-03 1.019831048214202562e+00 -9.393000749324703635e-02 -1.455739859374695078e-01 4.276858937395061067e-01
9.999880683749459154e-01 -1.599275814289283183e-03 4.873985808140375749e-03 -9.357351041823113629e-04 1.018284204536718640e+00 -8.763148601169027871e-03 -4.794528919421116656e-03 8.770921026651837954e-03 1.018270558252871050e+00 -9.478921553454393301e-02 -1.453037938743109436e-01 4.329001109353755039e-01
9.999937795541333774e-01 -1.537539242169781283e-03 3.366161232042871789e-03 -1.203879639723686064e-03 1.018393486122985525e+00 -8.439821545855123383e-03 -3.315347169204790542e-03 8.444971553717588175e-03 1.018385300249245340e+00 -9.585051107006548055e-02 -1.451271636800648968e-01 4.389296242334963516e-01
9.999849098738743391e-01 -1.619526663414009096e-03 5.536164285302782803e-03 8.047121539541449674e-04 1.017433241994353477e+00 -8.748963149706825287e-03 -5.434377875020638196e-03 8.757896427336172782e-03 1.017419192051197019e+00 -9.762707755588809211e-02 -1.460560848921038379e-01 4.452497305350284207e-01
9.999929322726562875e-01 -1.551712582564109162e-03 3.591828206280760737e-03 -1.278407486373724132e-03 1.018744171475878257e+00 -7.919793554160522650e-03 -3.535686501015315730e-03 7.925335937505663744e-03 1.018734987548859161e+00 -9.971127553578493230e-02 -1.469062570927801015e-01 4.522004111821765204e-01
9.999960974918431500e-01 -1.522207735516227598e-03 2.497294276930054138e-03 -1.323224428094878788e-03 1.018907118605095308e+00 -7.349781503645434928e-03 -2.460503647048513896e-03 7.353555598640943575e-03 1.018901128089293451e+00 -1.009190090465773293e-01 -1.463742563640602623e-01 4.581274280734659587e-01
9.999938075442286189e-01 -1.545807451022633474e-03 3.575346946657644714e-03 -2.022411895663936464e-04 1.018059703723647402e+00 -7.425636495865989110e-03 -3.513398881047269037e-03 7.431113550876722318e-03 1.018053086808021757e+00 -1.024629543947110644e-01 -1.470167953637063207e-01 4.644966943375833934e-01
9.999956664444457077e-01 -1.539376592458833581e-03 2.358121731933651623e-03 -1.808509876891052854e-03 1.020705338069282098e+00 -7.178509817946531271e-03 -2.323011914317630548e-03 7.182116932214157971e-03 1.020698130808223469e+00 -1.034059586594456431e-01 -1.471084949009917875e-01 4.716158783503739960e-01
9.999972774726800795e-01 -1.575089207776909396e-03 1.650611313893352678e-03 -1.671911430409234395e-03 1.020605903168819273e+00 -6.420785475512819258e-03 -1.627808157181520740e-03 6.423366906365415678e-03 1.020600491131714582e+00 -1.031423310009887268e-01 -1.463454608127069401e-01 4.775592230977622199e-01
9.999993553586826733e-01 -1.590825939024417606e-03 6.480867689749339423e-04 -9.369534085555822952e-04 1.019688603557173279e+00 -6.345847456082655096e-03 -6.414051210972022011e-04 6.346871911442590261e-03 1.019686455693982641e+00 -1.032641512488956109e-01 -1.462372699597135617e-01 4.832974048238939391e-01
9.999984778271752139e-01 -1.554735196356430696e-03 1.605066430244617322e-03 -7.435133677147980720e-04 1.019829419936012949e+00 -6.308083120969210263e-03 -1.578458489908727983e-03 6.310546811682324862e-03 1.019826711612982217e+00 -1.038131154599833267e-01 -1.467172828696575726e-01 4.896606960846343615e-01
9.999978209561604103e-01 -1.495561539412333879e-03 -4.347316330893084575e-04 -2.046354751532441976e-03 1.020600540840151949e+00 -6.495145594254495350e-03 4.129348153196397649e-04 6.494542176718539825e-03 1.020595256457368372e+00 -1.035575461098035832e-01 -1.461087568026320505e-01 4.957799800503947529e-01
9.999989501837323047e-01 -1.339436052718680605e-03 -1.189798525938428816e-03 -8.660923570962771913e-04 1.018837320428931603e+00 -7.193613200562841252e-03 1.161686473294627113e-03 7.192064746165123361e-03 1.018835090761610385e+00 -1.039012944877549249e-01 -1.455919303718751223e-01 5.008113293333527061e-01
9.999982450550777280e-01 -1.361704033174868274e-03 -1.863909306048283036e-03 -4.153931674250713776e-04 1.018739668178501256e+00 -6.833279322131654079e-03 1.826837508145502881e-03 6.830803697813121397e-03 1.018737314703942021e+00 -1.056617750186404914e-01 -1.462592243993851016e-01 5.065021206058548664e-01
9.999974188082237925e-01 -1.224813643426951636e-03 -2.291610447777184170e-03 3.006655256794025502e-04 1.018341875652204909e+00 -5.997535479985877452e-03 2.252105044546208641e-03 5.994792544710103067e-03 1.018339615375768004e+00 -1.075952171304338234e-01 -1.474927067029327410e-01 5.123148100371700542e-01
9.999924266462916211e-01 -1.343464479969060316e-03 -3.927312807955811273e-03 -4.917253871256286853e-04 1.016474905721167277e+00 -6.162357892970205843e-03 3.860680795506183510e-03 6.157217836241478393e-03 1.016466546981579011e+00 -1.101695838813001732e-01 -1.482808196422811808e-01 5.169777638234385186e-01
9.999974420999629965e-01 -1.316409211831609700e-03 -2.282715400665903498e-03 2.651670652335295876e-04 1.016923772319243247e+00 -5.711071426420010269e-03 2.246214584299733880e-03 5.708129089673097227e-03 1.016921520198255768e+00 -1.135983115953970446e-01 -1.492650122095909304e-01 5.224843201723121666e-01
9.999935556348099608e-01 -1.039933139353367867e-03 -3.587085099923429179e-03 -6.959073685086299187e-04 1.017454481613617068e+00 -5.208763089055007227e-03 3.521988328298769448e-03 5.205134000460355861e-03 1.017447201068238938e+00 -1.162841912839431696e-01 -1.500936341523475270e-01 5.281989465150424001e-01
9.999845566370372252e-01 -1.048544918207439331e-03 -5.597613108835527811e-03 -8.139753569332965977e-04 1.017354713187682336e+00 -5.624636060197543697e-03 5.497629629790869166e-03 5.618958324199912861e-03 1.017338148319860691e+00 -1.187375687424346293e-01 -1.494785512310328746e-01 5.321210218151561921e-01
9.999599512444700133e-01 -1.070182294413548479e-03 -8.657466714361001722e-03 -2.830678874545777476e-03 1.017806612030353275e+00 -5.698271993565897503e-03 8.490180461346929358e-03 5.689413806702441762e-03 1.017762820799758661e+00 -1.214279632368854278e-01 -1.489431509318886737e-01 5.365936529761108353e-01
9.999910857879783510e-01 -1.060807602208958247e-03 -4.292497071340255037e-03 -2.056954952405365834e-04 1.017571169302430745e+00 -5.080643357657267656e-03 4.217349160710237230e-03 5.076214812061519491e-03 1.017561880253935236e+00 -1.241636775484478844e-01 -1.488440898033338566e-01 5.412706590013858232e-01
9.999850054470995619e-01 -1.107017618920414122e-03 -5.471229136019296717e-03 -1.043157017310269606e-03 1.017187203280421004e+00 -2.780437096486006870e-03 5.375937536977870058e-03 2.774527441712855251e-03 1.017170796219894147e+00 -1.277091395525602191e-01 -1.496571139883743629e-01 5.487830805693515446e-01
9.999756768812256835e-01 -1.002513246284853854e-03 -6.986526066499678875e-03 -1.249975064237910738e-03 1.017652416630288492e+00 -2.950556888913402100e-03 6.861720503864033802e-03 2.943749524385297616e-03 1.017626411033128342e+00 -1.317880395322211795e-01 -1.496829968387607401e-01 5.539134471492535017e-01
9.999755846009152904e-01 -8.086641766948693020e-04 -7.033712868566574690e-03 -1.080618320903545477e-03 1.018347102628197609e+00 -3.010531009333938454e-03 6.903800844634364053e-03 3.005021521707557444e-03 1.018321365419955438e+00 -1.357155712614386833e-01 -1.506069187328754333e-01 5.595844955169595458e-01
9.999756195736901887e-01 -5.022974960366861918e-04 -7.099415234977195233e-03 -3.616268746917269635e-04 1.017950580081181444e+00 -2.085095753138555778e-03 6.973484367080849504e-03 2.081643740764145111e-03 1.017925580367803118e+00 -1.394220127713911017e-01 -1.515244415698749902e-01 5.643591829363596712e-01
9.999203736808376375e-01 -3.067381316897603094e-04 -1.260366936762548525e-02 -2.469225891292803256e-03 1.017989307045165104e+00 -2.311265609655352091e-03 1.237534732731772856e-02 2.307653368680809194e-03 1.017907490897961953e+00 -1.427258810716479365e-01 -1.510372914649577569e-01 5.680000759146458522e-01
9.999011133255095718e-01 -5.965923619130091200e-05 -1.418502954300049357e-02 -1.935452770325509593e-03 1.018175128149594544e+00 -1.472180358082563183e-03 1.392901981405025684e-02 1.471494874634245728e-03 1.018074328729489109e+00 -1.467502504117113027e-01 -1.503904875584214373e-01 5.718098426204417661e-01
9.999142648008936263e-01 9.496330885487799822e-05 -1.319435102019040490e-02 -2.021123862476752013e-03 1.019644428440195094e+00 -1.350755480039736618e-03 1.293746907323486961e-02 1.352099987472776344e-03 1.019557200954714693e+00 -1.506317526958552422e-01 -1.504236513599660485e-01 5.770023609329162362e-01
9.999235092951891390e-01 3.991370035927937977e-04 -1.255011294080464468e-02 -1.101461576470097545e-03 1.018665803940072667e+00 -8.843188906244814308e-04 1.231918589799290038e-02 8.893039570569752621e-04 1.018588325108835679e+00 -1.534922016319489046e-01 -1.495674933911768922e-01 5.799278072167620701e-01
9.999107310455340736e-01 7.700841719395809352e-04 -1.360579032777302355e-02 2.110673483570920642e-04 1.018400162971745626e+00 6.005166494231843318e-04 1.335984246015433502e-02 -5.902811399852204727e-04 1.018309088914344906e+00 -1.577123632204993908e-01 -1.511963009948081860e-01 5.841108102296149740e-01
9.998992578895665728e-01 9.130438173181131380e-04 -1.434747417275675577e-02 -1.878140073600889203e-03 1.019839668570814872e+00 5.500068341830970748e-04 1.406935185990653737e-02 -5.372150196285702117e-04 1.019738642594481437e+00 -1.611332581088191218e-01 -1.517127770720820279e-01 5.885851980541197959e-01
9.998900018994903993e-01 1.332257506624652055e-03 -1.511178618027597502e-02 -4.041967212395706751e-04 1.019307598454482822e+00 2.066825874637163475e-03 1.482635243233091683e-02 -2.047298554265472841e-03 1.019196015048933868e+00 -1.635517771416434285e-01 -1.508360068920209518e-01 5.912926454163532908e-01
9.998598992745488800e-01 1.698870895965312036e-03 -1.698931889324368019e-02 -1.189354851400376304e-03 1.017747164756310774e+00 2.817897341036934133e-03 1.669632467719786920e-02 -2.789923311253115004e-03 1.017606598200544443e+00 -1.665512513258678440e-01 -1.507389013221594465e-01 5.940291546695539715e-01
9.998630976080884469e-01 2.041146220189477955e-03 -1.685059462505733574e-02 -2.044638823136922924e-04 1.018499563083924864e+00 3.469601591711500652e-03 1.654521792178258871e-02 -3.436300820489895849e-03 1.018360545398258266e+00 -1.701931985163143146e-01 -1.510815009787065399e-01 5.974982433560968031e-01
9.998422849448846961e-01 2.349405665403794721e-03 -1.804667483536470315e-02 -5.215765599726763775e-05 1.016177104949784749e+00 3.856571430862106454e-03 1.775957532631011054e-02 -3.815448737683261628e-03 1.016016961061163126e+00 -1.741839619733937250e-01 -1.514718329181564127e-01 5.994614133177648130e-01
9.997826799616797988e-01 2.722183430117621622e-03 -2.117945606909819520e-02 -7.458856759560703650e-04 1.016768218447516414e+00 4.651685081402356231e-03 2.083354274240809337e-02 -4.595971153185454683e-03 1.016549284776948392e+00 -1.792264911333980859e-01 -1.517163869670490883e-01 6.021215226987260971e-01
9.998273392946760429e-01 2.855635952704225870e-03 -1.892026031490766369e-02 3.820220884201729668e-04 1.018304840703448733e+00 5.536168831133178071e-03 1.857809619020650907e-02 -5.484063433980179876e-03 1.018127928555407680e+00 -1.837347928316029055e-01 -1.526374793047776679e-01 6.056800875926728889e-01
9.997699497544922931e-01 3.277697086935024706e-03 -2.179474336963465458e-02 -1.190052696296823838e-03 1.018091292898467115e+00 7.105065779126540013e-03 2.141567982764272862e-02 -7.036490414088015025e-03 1.017860981378842400e+00 -1.878012980051898262e-01 -1.531355091020899506e-01 6.079548735337588772e-01
9.998012756257822486e-01 3.449475426976985042e-03 -2.030166461903534780e-02 -7.081772033077994620e-04 1.019299431503994491e+00 7.653890797884605607e-03 1.992254356519822592e-02 -7.586676130880077272e-03 1.019099314702189174e+00 -1.916195887458806424e-01 -1.526902012540246878e-01 6.106917005273800880e-01
9.998046330874529319e-01 3.782965504700786918e-03 -2.012446839518567884e-02 -1.094252075852507095e-04 1.018198347292619710e+00 8.799900709981012606e-03 1.976571989550824499e-02 -8.726832607783625850e-03 1.017999838976934468e+00 -1.955007408939850033e-01 -1.519255763537651627e-01 6.115276554194001291e-01
9.997831571496716974e-01 4.053819300522730137e-03 -2.120273922610873413e-02 -2.499636925971274550e-04 1.018378318043542841e+00 9.826765417438649078e-03 2.082249259784324513e-02 -9.744467813236075415e-03 1.018158503293987271e+00 -1.991060348242939815e-01 -1.519709555325099992e-01 6.133730621993864762e-01
9.997787150810776291e-01 4.064114035768550195e-03 -2.138663059902769226e-02 -1.255880337323010036e-03 1.019072011850928661e+00 1.004745883073037208e-02 2.099865794302011729e-02 -9.964322844624630068e-03 1.018851610624316395e+00 -2.026459258755308190e-01 -1.512306296113820059e-01 6.148171442127461361e-01
9.998059453717189626e-01 4.582564945674307000e-03 -2.009166495301317051e-02 3.734680745348002164e-04 1.019868236897353064e+00 1.172968417122370946e-02 1.969599251016319191e-02 -1.164168512925669446e-02 1.019668615304039516e+00 -2.058525635152940736e-01 -1.516611456150841752e-01 6.167184745280686053e-01
9.997759900087369589e-01 4.751172647991849969e-03 -2.157953589081474874e-02 -6.992920819922437362e-04 1.020510468318199582e+00 1.165113247580279281e-02 2.115374181164869638e-02 -1.155321543199258616e-02 1.020285186234520802e+00 -2.079570960175735339e-01 -1.524388286395770842e-01 6.182002554116569071e-01
9.997995574222158233e-01 5.042234714451363127e-03 -2.041117250160389557e-02 8.599117541085760270e-04 1.019874420324239361e+00 1.288284668176187427e-02 2.000263807893512547e-02 -1.278455125406884052e-02 1.019665658189515378e+00 -2.090627475417935754e-01 -1.526198572035806222e-01 6.187329493616383624e-01
9.997663025662628655e-01 5.395174369164233014e-03 -2.204154275563218607e-02 4.105544130155914400e-04 1.019510455218928913e+00 1.396224026751052318e-02 2.161415503917823999e-02 -1.384886457634367136e-02 1.019269983229229792e+00 -2.106724403851509830e-01 -1.538023807187346159e-01 6.195726709928282006e-01
9.997649517381346218e-01 5.577608607626138165e-03 -2.211388245759065424e-02 -4.688634843887426852e-06 1.019995758783877493e+00 1.485719340617401227e-02 2.168043482179017600e-02 -1.473973297491103056e-02 1.019756036705035340e+00 -2.122944280274348949e-01 -1.549519039456609681e-01 6.207521581719187553e-01
9.997491628018002618e-01 5.849693042463625058e-03 -2.280669110949768569e-02 -7.856637230500811012e-04 1.019484515915288103e+00 1.581920431856420964e-02 2.238289993753415572e-02 -1.569220741387072210e-02 1.019233387167322258e+00 -2.141175846174168673e-01 -1.549741119640783149e-01 6.207171619029080434e-01
9.998000447778705446e-01 5.858422958584202749e-03 -2.038301329867408390e-02 7.480351674706839978e-04 1.019443334855551164e+00 1.577695631659542172e-02 1.998276521296452751e-02 -1.566302072888485497e-02 1.019235109530682859e+00 -2.161483387628556074e-01 -1.557982040902564647e-01 6.214903861805650687e-01
9.997701167574696290e-01 5.792766301108679197e-03 -2.186768432702412834e-02 -4.459606205963659287e-04 1.020442824599212095e+00 1.543464867290485210e-02 2.143629533945652643e-02 -1.531399365415914322e-02 1.020210825239530772e+00 -2.175971330081244437e-01 -1.572282476239579008e-01 6.229320323544433879e-01
9.997940744150849435e-01 5.786866030697076710e-03 -2.068966591117109982e-02 -3.282519300228700751e-04 1.019928800858586948e+00 1.569552106259716404e-02 2.029041683046648586e-02 -1.558131172942388114e-02 1.019720670973641719e+00 -2.185914588732473240e-01 -1.570915239270851416e-01 6.227146251793557186e-01
9.997821765870413824e-01 5.853044711882021169e-03 -2.130174151386785703e-02 -1.707095362245034478e-05 1.020650559738771612e+00 1.577311913215392186e-02 2.087101069571280915e-02 -1.565437006168430081e-02 1.020428338067466134e+00 -2.199852050000548342e-01 -1.579003809611540521e-01 6.237748407166422426e-01
9.997733365239057646e-01 5.825210609372952208e-03 -2.173029604370955298e-02 -5.177489289198424719e-04 1.021357059050301830e+00 1.603571607920084574e-02 2.128397312307104758e-02 -1.591533987941501360e-02 1.021128570705517991e+00 -2.206541043066407304e-01 -1.589990758084777744e-01 6.247847975272249332e-01
9.997221092131188813e-01 5.987370019124180209e-03 -2.403916900021763406e-02 -1.221524719092351077e-03 1.022012424182245693e+00 1.712620295918548807e-02 2.354171250851140595e-02 -1.698997137202684637e-02 1.021735730065968184e+00 -2.206084160348763257e-01 -1.592339844227336765e-01 6.251907645730748753e-01
9.997308160430188329e-01 5.828247129074538325e-03 -2.371943239536832004e-02 -4.551468596767247409e-04 1.022858904645865152e+00 1.671817214866265153e-02 2.319673027164904922e-02 -1.658744094504277511e-02 1.022586220146857405e+00 -2.202913934612515945e-01 -1.597031234198790228e-01 6.259942905691412429e-01
9.997312170382588459e-01 5.786442481718726688e-03 -2.369251741186226626e-02 -8.193779583490155274e-04 1.023149655714125972e+00 1.632831296593369522e-02 2.316942595239210659e-02 -1.619859832255892904e-02 1.022879391802785420e+00 -2.191635067428103767e-01 -1.602421947037284689e-01 6.263616398011327968e-01
9.997081196007341353e-01 5.530094739025366232e-03 -2.464632998310538683e-02 -1.292592969729474631e-03 1.022437427233509721e+00 1.540346567655290211e-02 2.412477580784624584e-02 -1.527451171135466718e-02 1.022146145950606044e+00 -2.180392440420577671e-01 -1.605749851433758979e-01 6.261118026369473233e-01
9.997081519793644677e-01 5.809627514440470625e-03 -2.457432828022620627e-02 -1.797380223138087549e-03 1.021284054162946875e+00 1.655398261055420275e-02 2.409108321220444424e-02 -1.641881418909417467e-02 1.020996436542831010e+00 -2.174597584156190422e-01 -1.599082019554465828e-01 6.250273716152680015e-01
9.997081701138440524e-01 5.828362955101008824e-03 -2.467536555164838094e-02 -7.032983733526710322e-04 1.022339419450468023e+00 1.593963325970515835e-02 2.414704907494045691e-02 -1.580350742917568940e-02 1.022045169332262526e+00 -2.175025593913599564e-01 -1.605736097483707048e-01 6.258438556082098758e-01
9.996889598331525351e-01 5.901622195655854830e-03 -2.539350700504141786e-02 -1.810453833245999821e-03 1.022058681082645748e+00 1.614583581571965576e-02 2.487379835544530418e-02 -1.600401794766756133e-02 1.021751464394480280e+00 -2.167512564015720844e-01 -1.604036876933964961e-01 6.257556344578969476e-01
9.997376835518112514e-01 5.681141773997101449e-03 -2.335638928296111458e-02 -7.864927732943827014e-04 1.020879689142238478e+00 1.462093024656149765e-02 2.288985617202841244e-02 -1.449469192456504310e-02 1.020616363785104008e+00 -2.169288030854354121e-01 -1.607584218979151158e-01 6.250277503777652566e-01
9.997483170345634607e-01 5.785848635465227867e-03 -2.288396663035722339e-02 -8.566671249892221810e-04 1.021352334763789171e+00 1.501529666454684379e-02 2.241804424999950182e-02 -1.488933664621368801e-02 1.021100234325736489e+00 -2.169508541334072560e-01 -1.610354646597094430e-01 6.254313005699295713e-01
9.996979649015643732e-01 5.657955979139794520e-03 -2.498781060773523632e-02 -2.193593522899803076e-03 1.022122308032513027e+00 1.453391373764552526e-02 2.447789041414508149e-02 -1.439976814660969516e-02 1.021826002476181827e+00 -2.164736292418914798e-01 -1.608984953325785505e-01 6.256599701758656096e-01
